0.0180900096893
0.0139019489288
0.0202090740204
0.0151448249817
0.0214080810547
0.0186958312988
0.0241868495941
0.0216701030731
0.0229289531708
0.0240571498871
0.024286031723
0.0205190181732
0.0190010070801
0.0237939357758
0.020791053772
0.020721912384
0.0209717750549
0.0186910629272
0.0156490802765
0.0190758705139
0.0210750102997
0.0219919681549
0.0184259414673
0.0207328796387
0.0197131633759
0.0189528465271
0.0235280990601
0.0196738243103
0.0205159187317
0.0229918956757
0.0209858417511
0.0231881141663
0.0177140235901
0.0206871032715
0.0217199325562
0.0255119800568
0.0208477973938
0.0184290409088
0.016998052597
0.0259819030762
0.0179400444031
0.0178759098053
0.0196650028229
0.0209560394287
0.0242309570312
0.019688129425
0.0230870246887
0.0202548503876
0.0229609012604
0.0230331420898