0.574471950531
0.57453918457
0.585990905762
0.586467981339
0.566334009171
0.565367937088
0.573251962662
0.567869901657
0.561619997025
0.569166183472
0.571494102478
0.574065923691
0.559994935989
0.573904037476
0.565736055374
0.571110010147
0.566058158875
0.573930978775
0.568653821945
0.568227767944
0.574918985367
0.569228887558
0.567597866058
0.569566011429
0.58647608757
0.587821006775
0.572382926941
0.565093040466
0.569174051285
0.580643177032
0.567447900772
0.570468187332
0.568545818329
0.567920923233
0.56934094429
0.560651063919
0.565937042236
0.578247785568
0.585319042206
0.570849180222
0.569728851318
0.565211057663
0.582946062088
0.564548015594
0.570701122284
0.564795970917
0.567484140396
0.576517820358
0.566998958588
0.572273015976