0.229042053223
0.226861000061
0.225850105286
0.227187871933
0.22599697113
0.233271121979
0.227483034134
0.226289987564
0.225248098373
0.225162982941
0.225262880325
0.225355863571
0.226013183594
0.225697994232
0.232592105865
0.227405071259
0.226105928421
0.225141048431
0.225414037704
0.225564002991
0.230068922043
0.237222909927
0.232161998749
0.227621078491
0.232501983643
0.225558042526
0.233541965485
0.228575944901
0.226751804352
0.225162982941
0.23415017128
0.228857040405
0.225646018982
0.225360870361
0.224922180176
0.224913835526
0.225048065186
0.226290941238
0.229826927185
0.225822925568
0.225545883179
0.225367069244
0.225852012634
0.22555398941
0.225798845291
0.227682113647
0.229202985764
0.233472108841
0.229397058487
0.225097894669