0.0655329227448
0.0645980834961
0.0703949928284
0.0704650878906
0.0695099830627
0.0690729618073
0.0682199001312
0.0652351379395
0.0671350955963
0.0707318782806
0.0657689571381
0.0695180892944
0.0707440376282
0.0685348510742
0.0692820549011
0.0702068805695
0.067675113678
0.0683898925781
0.0685501098633
0.0669558048248
0.0663821697235
0.066929101944
0.0634348392487
0.0625240802765
0.0668449401855
0.0699701309204
0.0671620368958
0.0681698322296
0.0662970542908
0.0677120685577
0.0670418739319
0.0670158863068
0.065279006958
0.0738570690155
0.0657868385315
0.0644581317902
0.065850019455
0.0684859752655
0.065859079361
0.0658051967621
0.0646169185638
0.0681169033051
0.06866979599
0.0679888725281
0.0690660476685
0.0684621334076
0.0657479763031
0.0658011436462
0.06387591362
0.0726737976074