2.19976806641
2.20476293564
2.18931984901
2.18759989738
2.20224308968
2.21107912064
2.20830011368
2.2043390274
2.1960208416
2.18401002884
2.19841885567
2.21398901939
2.19044804573
2.1987798214
2.185587883
2.19125199318
2.19655418396
2.19799304008
2.1878118515
2.20993685722
2.19277381897
2.18644380569
2.20315504074
2.18837594986
2.19541406631
2.18931603432
2.21250987053
2.18758702278
2.19670295715
2.19098687172
2.30047512054
2.20406293869
2.19074082375
2.19580006599
2.20384097099
2.19851303101
2.18394994736
2.19797897339
2.19532203674
2.18959093094
2.19781208038
2.19150400162
2.19716787338
2.18719410896
2.19844913483
2.18313789368
2.19682216644
2.27013397217
2.22516489029
2.19605517387