0.120170116425
0.11961889267
0.119563102722
0.115521907806
0.119720220566
0.118988990784
0.120126008987
0.120163202286
0.122517108917
0.119431018829
0.119238138199
0.119077920914
0.124094009399
0.120554924011
0.118993997574
0.120113134384
0.124061822891
0.120723009109
0.121724843979
0.120969772339
0.124189138412
0.118913888931
0.116667032242
0.117616176605
0.119683027267
0.118155002594
0.12455201149
0.124051094055
0.117439985275
0.123564958572
0.123906135559
0.125250101089
0.128043889999
0.126713991165
0.118926048279
0.119064092636
0.119497060776
0.123083114624
0.119015932083
0.121758937836
0.122299194336
0.121902942657
0.118110895157
0.120676994324
0.120707988739
0.120698928833
0.12186217308
0.118497133255
0.120710134506
0.122717857361