0.0135319232941
0.0131959915161
0.0133109092712
0.0131499767303
0.0129401683807
0.0132570266724
0.0133090019226
0.0130949020386
0.0135319232941
0.0131130218506
0.0131499767303
0.0130031108856
0.0130190849304
0.0132510662079
0.0133919715881
0.0131559371948
0.0130388736725
0.0130212306976
0.0130910873413
0.0133900642395
0.0131258964539
0.0133938789368
0.0133578777313
0.0131919384003
0.0130321979523
0.0131630897522
0.0130679607391
0.0132598876953
0.0129899978638
0.0132150650024
0.0133340358734
0.0130939483643
0.0129959583282
0.0131330490112
0.0131871700287
0.0132298469543
0.0130491256714
0.0131108760834
0.0132820606232
0.0132520198822
0.0130498409271
0.0131349563599
0.0132009983063
0.0131618976593
0.0132870674133
0.0129520893097
0.0131390094757
0.01305103302
0.0131018161774
0.0131788253784