0.0311601161957
0.0304510593414
0.0347309112549
0.0318470001221
0.0330770015717
0.0335910320282
0.0361340045929
0.0321600437164
0.0333859920502
0.0335371494293
0.0336148738861
0.0335130691528
0.0335907936096
0.0336689949036
0.0339350700378
0.0336389541626
0.0337181091309
0.033684015274
0.0337150096893
0.0337860584259
0.0338089466095
0.0339150428772
0.0340538024902
0.033744096756
0.0336048603058
0.0337338447571
0.0338230133057
0.0336289405823
0.0335419178009
0.0338079929352
0.0336220264435
0.0337800979614
0.0337240695953
0.0338270664215
0.0338401794434
0.0340359210968
0.0337009429932
0.0335638523102
0.0335710048676
0.0335161685944
0.0317680835724
0.0330801010132
0.0403959751129
0.029275894165
0.0321471691132
0.03289103508
0.0334720611572
0.0337409973145
0.0336029529572
0.0336258411407