1.13866591454
1.15337514877
1.1437189579
1.14746499062
1.13659596443
1.13004183769
1.14410305023
1.14549803734
1.1603782177
1.19949102402
1.18440699577
1.18129205704
1.18084597588
1.15082907677
1.14701795578
1.14598298073
1.16329908371
1.15301394463
1.14968490601
1.15690994263
1.17272186279
1.14300298691
1.15428709984
1.15453195572
1.15407204628
1.16656279564
1.17269206047
1.17310714722
1.17215800285
1.17524290085
1.15429902077
1.14323401451
1.13973689079
1.13429498672
1.10686993599
1.10966086388
1.12135004997
1.1592900753
1.12508106232
1.15767216682
1.13801693916
1.15461015701
1.166918993
1.13898587227
1.14074277878
1.14410805702
1.1365480423
1.1405711174
1.12837004662
1.12562203407