0.00690102577209
0.00686192512512
0.0068371295929
0.00698399543762
0.00671696662903
0.00688886642456
0.00700092315674
0.00688195228577
0.00696992874146
0.0070378780365
0.00702214241028
0.007159948349
0.00706100463867
0.00714707374573
0.00678992271423
0.00654697418213
0.00738096237183
0.00692701339722
0.00704097747803
0.00699210166931
0.00684404373169
0.00726819038391
0.00713205337524
0.00691103935242
0.00703096389771
0.00697708129883
0.00677704811096
0.00688195228577
0.0067400932312
0.00687599182129
0.00698804855347
0.00665903091431
0.00715804100037
0.00722193717957
0.00688099861145
0.007080078125
0.00733208656311
0.00716805458069
0.00721478462219
0.00704503059387
0.00718998908997
0.00727105140686
0.0069739818573
0.00707101821899
0.00707101821899
0.00729203224182
0.00688481330872
0.00670003890991
0.00743699073792
0.00689101219177