0.292123794556
0.301252126694
0.297552108765
0.293706178665
0.29741191864
0.296232938766
0.292621135712
0.297571897507
0.299257040024
0.295012950897
0.30148100853
0.297866821289
0.297814846039
0.297214984894
0.298169851303
0.296851873398
0.302104949951
0.307369947433
0.294996023178
0.292916059494
0.299618959427
0.291460037231
0.292223215103
0.307836055756
0.299380064011
0.293868780136
0.300083875656
0.302528858185
0.301258802414
0.297070026398
0.301495075226
0.301819801331
0.294700145721
0.296699047089
0.289324045181
0.30041384697
0.302145004272
0.295035123825
0.295051813126
0.295476913452
0.293784141541
0.291203022003
0.289178133011
0.295908927917
0.297420024872
0.29227399826
0.297941923141
0.29557299614
0.292921066284
0.301416873932
