0.0423748493195
0.0430560112
0.0435020923615
0.042375087738
0.0399901866913
0.0427510738373
0.0424799919128
0.0429699420929
0.0402860641479
0.0427029132843
0.0411059856415
0.0415749549866
0.0438828468323
0.0405180454254
0.0434150695801
0.0422368049622
0.0390629768372
0.0415987968445
0.0426480770111
0.0439491271973
0.0413858890533
0.0401480197906
0.041690826416
0.0404529571533
0.0396690368652
0.0397639274597
0.0399279594421
0.0392119884491
0.0430798530579
0.0395269393921
0.0414459705353
0.0434339046478
0.0388340950012
0.0432047843933
0.0432639122009
0.0401320457458
0.0416159629822
0.0429980754852
0.0417010784149
0.0419280529022
0.042906999588
0.0396699905396
0.0436480045319
0.0423920154572
0.0429759025574
0.0388028621674
0.040079832077
0.03977394104
0.0429649353027
0.0427238941193